Link World Transforms (关节角/位移=0.5):
base_link:
位置: (0.000000, 0.000000, 0.000000)
[  1.000000   0.000000   0.000000   0.000000
   0.000000   1.000000   0.000000   0.000000
   0.000000   0.000000   1.000000   0.000000
   0.000000   0.000000   0.000000   1.000000]
link1:
位置: (0.000000, 0.000000, 0.308500)
[  0.877583  -0.479426   0.000000   0.000000
   0.479426   0.877583   0.000000   0.000000
   0.000000   0.000000   1.000000   0.000000
   0.000000   0.000000   0.308500   1.000000]
link2:
位置: (0.000000, 0.000000, 0.308500)
[  0.420732   0.770151  -0.479429   0.000000
  -0.229849  -0.420739  -0.877581   0.000000
  -0.877584   0.479422   0.000000   0.000000
   0.000000   0.000000   0.308500   1.000000]
link3:
位置: (0.126220, 0.231045, 0.164671)
[ -0.403422  -0.738465  -0.540296   0.000000
  -0.259030  -0.474155   0.841475   0.000000
  -0.877584   0.479422   0.000000   0.000000
   0.126220   0.231045   0.164671   1.000000]
link4:
位置: (0.304044, 0.556553, -0.413001)
[  0.066700  -0.877912  -0.474153   0.000000
  -0.963563   0.066695  -0.259034   0.000000
   0.259033   0.474154  -0.841475   0.000000
   0.304044   0.556553  -0.413001   1.000000]
link5:
位置: (0.304044, 0.556553, -0.413001)
[  0.182720  -0.543119  -0.819533   0.000000
  -0.195342  -0.837003   0.511144   0.000000
  -0.963564   0.066693  -0.259031   0.000000
   0.304044   0.556553  -0.413001   1.000000]
link6:
位置: (0.355888, 0.778694, -0.548659)
[  0.622309  -0.508608  -0.595021   0.000000
  -0.758005  -0.201853  -0.620228   0.000000
   0.195346   0.837003  -0.511143   0.000000
   0.355888   0.778694  -0.548659   1.000000]

Joint World Pose (child link坐标+四元数):
joint1: 位置: (0.000000, 0.000000, 0.308500)  姿态(四元数): (0.000000, 0.000000, -0.247404, 0.968912)
joint2: 位置: (0.000000, 0.000000, 0.308500)  姿态(四元数): (0.678504, 0.199079, -0.500002, -0.499998)
joint3: 位置: (0.126220, 0.231045, 0.164671)  姿态(四元数): (-0.517381, 0.481992, 0.685124, -0.174945)
joint4: 位置: (0.304044, 0.556553, -0.413001)  姿态(四元数): (0.678506, -0.678504, -0.079262, -0.270148)
joint5: 位置: (0.304044, 0.556553, -0.413001)  姿态(四元数): (0.754777, -0.244596, -0.590604, 0.147212)
joint6: 位置: (0.355888, 0.778694, -0.548659)  姿态(四元数): (0.764085, -0.414421, -0.130769, -0.476789)
